Metasequoia Document
Format Text Ver 1.0

Scene {
	pos 187.0440 262.1102 2511.6399
	lookat 83.7864 340.7589 1.3925
	head -0.4900
	pich 0.8100
	bank 0.0000
	ortho 1
	zoom2 2.1084
	zoom_pers 2.9861
	amb 0.250 0.250 0.250
	dirlights 1 {
		light {
			dir 0.408 0.408 0.816
			color 1.000 1.000 1.000
		}
	}
}
Material 4 {
	"mat1" col(0.698 0.537 0.812 1.000) dif(0.800) amb(0.600) emi(0.000) spc(0.000) power(5.00)
	"mat2" col(0.259 0.259 0.259 1.000) dif(0.130) amb(0.600) emi(0.000) spc(0.280) power(14.00)
	"mat3" col(0.820 0.259 0.306 1.000) dif(0.680) amb(0.720) emi(0.160) spc(0.700) power(18.00)
	"mat4" col(0.337 0.333 0.612 1.000) dif(0.800) amb(0.600) emi(0.000) spc(0.000) power(5.00)
}
Object "face" {
	visible 0
	locking 0
	shading 1
	facet 59.5
	color 0.898 0.498 0.698
	color_type 0
	vertex 42 {
		0.0000 324.2268 0.0000
		0.0000 301.8331 83.5747
		59.0962 301.8331 59.0962
		83.5747 301.8331 -0.0000
		59.0962 301.8331 -59.0962
		-0.0000 301.8331 -83.5747
		-59.0962 301.8331 -59.0962
		-83.5747 301.8331 0.0000
		-59.0962 301.8331 59.0962
		0.0000 240.6522 144.7556
		102.3576 240.6522 102.3576
		144.7556 240.6522 -0.0000
		102.3576 240.6522 -102.3576
		-0.0000 240.6522 -144.7556
		-102.3576 240.6522 -102.3576
		-144.7556 240.6522 0.0000
		-102.3576 240.6522 102.3576
		0.0000 157.0775 167.1493
		118.1924 157.0775 118.1924
		167.1493 157.0775 -0.0000
		118.1924 157.0775 -118.1924
		-0.0000 157.0775 -167.1493
		-118.1924 157.0775 -118.1924
		-167.1493 157.0775 0.0000
		-118.1924 157.0775 118.1924
		0.0000 73.5029 144.7556
		102.3576 73.5029 102.3576
		144.7556 73.5029 -0.0000
		102.3576 73.5029 -102.3576
		-0.0000 73.5029 -144.7556
		-102.3576 73.5029 -102.3576
		-144.7556 73.5029 0.0000
		-102.3576 73.5029 102.3576
		0.0000 12.3219 83.5747
		59.0962 12.3219 59.0962
		83.5747 12.3219 -0.0000
		59.0962 12.3219 -59.0962
		-0.0000 12.3219 -83.5747
		-59.0962 12.3219 -59.0962
		-83.5747 12.3219 0.0000
		-59.0962 12.3219 59.0962
		0.0000 -10.0718 0.0000
	}
	face 48 {
		3 V(0 2 1) M(0) UV(0.06250 0.00000 0.12500 0.16667 0.00000 0.16667)
		3 V(0 3 2) M(0) UV(0.18750 0.00000 0.25000 0.16667 0.12500 0.16667)
		3 V(0 4 3) M(0) UV(0.31250 0.00000 0.37500 0.16667 0.25000 0.16667)
		3 V(0 5 4) M(0) UV(0.43750 0.00000 0.50000 0.16667 0.37500 0.16667)
		3 V(0 6 5) M(0) UV(0.56250 0.00000 0.62500 0.16667 0.50000 0.16667)
		3 V(0 7 6) M(0) UV(0.68750 0.00000 0.75000 0.16667 0.62500 0.16667)
		3 V(0 8 7) M(0) UV(0.81250 0.00000 0.87500 0.16667 0.75000 0.16667)
		3 V(0 1 8) M(0) UV(0.93750 0.00000 1.00000 0.16667 0.87500 0.16667)
		4 V(1 2 10 9) M(0) UV(0.00000 0.16667 0.12500 0.16667 0.12500 0.33333 0.00000 0.33333)
		4 V(2 3 11 10) M(0) UV(0.12500 0.16667 0.25000 0.16667 0.25000 0.33333 0.12500 0.33333)
		4 V(3 4 12 11) M(0) UV(0.25000 0.16667 0.37500 0.16667 0.37500 0.33333 0.25000 0.33333)
		4 V(4 5 13 12) M(0) UV(0.37500 0.16667 0.50000 0.16667 0.50000 0.33333 0.37500 0.33333)
		4 V(5 6 14 13) M(0) UV(0.50000 0.16667 0.62500 0.16667 0.62500 0.33333 0.50000 0.33333)
		4 V(6 7 15 14) M(0) UV(0.62500 0.16667 0.75000 0.16667 0.75000 0.33333 0.62500 0.33333)
		4 V(7 8 16 15) M(0) UV(0.75000 0.16667 0.87500 0.16667 0.87500 0.33333 0.75000 0.33333)
		4 V(8 1 9 16) M(0) UV(0.87500 0.16667 1.00000 0.16667 1.00000 0.33333 0.87500 0.33333)
		4 V(9 10 18 17) M(0) UV(0.00000 0.33333 0.12500 0.33333 0.12500 0.50000 0.00000 0.50000)
		4 V(10 11 19 18) M(0) UV(0.12500 0.33333 0.25000 0.33333 0.25000 0.50000 0.12500 0.50000)
		4 V(11 12 20 19) M(0) UV(0.25000 0.33333 0.37500 0.33333 0.37500 0.50000 0.25000 0.50000)
		4 V(12 13 21 20) M(0) UV(0.37500 0.33333 0.50000 0.33333 0.50000 0.50000 0.37500 0.50000)
		4 V(13 14 22 21) M(0) UV(0.50000 0.33333 0.62500 0.33333 0.62500 0.50000 0.50000 0.50000)
		4 V(14 15 23 22) M(0) UV(0.62500 0.33333 0.75000 0.33333 0.75000 0.50000 0.62500 0.50000)
		4 V(15 16 24 23) M(0) UV(0.75000 0.33333 0.87500 0.33333 0.87500 0.50000 0.75000 0.50000)
		4 V(16 9 17 24) M(0) UV(0.87500 0.33333 1.00000 0.33333 1.00000 0.50000 0.87500 0.50000)
		4 V(17 18 26 25) M(0) UV(0.00000 0.50000 0.12500 0.50000 0.12500 0.66667 0.00000 0.66667)
		4 V(18 19 27 26) M(0) UV(0.12500 0.50000 0.25000 0.50000 0.25000 0.66667 0.12500 0.66667)
		4 V(19 20 28 27) M(0) UV(0.25000 0.50000 0.37500 0.50000 0.37500 0.66667 0.25000 0.66667)
		4 V(20 21 29 28) M(0) UV(0.37500 0.50000 0.50000 0.50000 0.50000 0.66667 0.37500 0.66667)
		4 V(21 22 30 29) M(0) UV(0.50000 0.50000 0.62500 0.50000 0.62500 0.66667 0.50000 0.66667)
		4 V(22 23 31 30) M(0) UV(0.62500 0.50000 0.75000 0.50000 0.75000 0.66667 0.62500 0.66667)
		4 V(23 24 32 31) M(0) UV(0.75000 0.50000 0.87500 0.50000 0.87500 0.66667 0.75000 0.66667)
		4 V(24 17 25 32) M(0) UV(0.87500 0.50000 1.00000 0.50000 1.00000 0.66667 0.87500 0.66667)
		4 V(25 26 34 33) M(0) UV(0.00000 0.66667 0.12500 0.66667 0.12500 0.83333 0.00000 0.83333)
		4 V(26 27 35 34) M(0) UV(0.12500 0.66667 0.25000 0.66667 0.25000 0.83333 0.12500 0.83333)
		4 V(27 28 36 35) M(0) UV(0.25000 0.66667 0.37500 0.66667 0.37500 0.83333 0.25000 0.83333)
		4 V(28 29 37 36) M(0) UV(0.37500 0.66667 0.50000 0.66667 0.50000 0.83333 0.37500 0.83333)
		4 V(29 30 38 37) M(0) UV(0.50000 0.66667 0.62500 0.66667 0.62500 0.83333 0.50000 0.83333)
		4 V(30 31 39 38) M(0) UV(0.62500 0.66667 0.75000 0.66667 0.75000 0.83333 0.62500 0.83333)
		4 V(31 32 40 39) M(0) UV(0.75000 0.66667 0.87500 0.66667 0.87500 0.83333 0.75000 0.83333)
		4 V(32 25 33 40) M(0) UV(0.87500 0.66667 1.00000 0.66667 1.00000 0.83333 0.87500 0.83333)
		3 V(33 34 41) M(0) UV(0.00000 0.83333 0.12500 0.83333 0.06250 1.00000)
		3 V(34 35 41) M(0) UV(0.12500 0.83333 0.25000 0.83333 0.18750 1.00000)
		3 V(35 36 41) M(0) UV(0.25000 0.83333 0.37500 0.83333 0.31250 1.00000)
		3 V(36 37 41) M(0) UV(0.37500 0.83333 0.50000 0.83333 0.43750 1.00000)
		3 V(37 38 41) M(0) UV(0.50000 0.83333 0.62500 0.83333 0.56250 1.00000)
		3 V(38 39 41) M(0) UV(0.62500 0.83333 0.75000 0.83333 0.68750 1.00000)
		3 V(39 40 41) M(0) UV(0.75000 0.83333 0.87500 0.83333 0.81250 1.00000)
		3 V(40 33 41) M(0) UV(0.87500 0.83333 1.00000 0.83333 0.93750 1.00000)
	}
}
Object "eye" {
	visible 0
	locking 0
	shading 1
	facet 59.5
	color 0.898 0.498 0.698
	color_type 0
	vertex 18 {
		64.5970 191.7670 131.5342
		70.5275 150.6291 140.6135
		81.5161 163.8085 132.4763
		82.5936 193.3659 123.7872
		73.1291 221.9865 119.6362
		58.6665 232.9048 122.4549
		47.6780 219.7254 130.5921
		46.6004 190.1681 139.2813
		56.0649 161.5476 143.4322
		-64.5970 191.7670 131.5342
		-70.5275 150.6291 140.6135
		-81.5161 163.8085 132.4763
		-82.5936 193.3659 123.7872
		-73.1291 221.9865 119.6362
		-58.6665 232.9048 122.4549
		-47.6780 219.7254 130.5921
		-46.6004 190.1681 139.2813
		-56.0649 161.5476 143.4322
	}
	face 32 {
		3 V(0 2 1) M(1) UV(0.06250 0.00000 0.12500 0.00000 0.00000 0.00000)
		3 V(0 3 2) M(1) UV(0.18750 0.00000 0.25000 0.00000 0.12500 0.00000)
		3 V(0 4 3) M(1) UV(0.31250 0.00000 0.37500 0.00000 0.25000 0.00000)
		3 V(0 5 4) M(1) UV(0.43750 0.00000 0.50000 0.00000 0.37500 0.00000)
		3 V(0 6 5) M(1) UV(0.56250 0.00000 0.62500 0.00000 0.50000 0.00000)
		3 V(0 7 6) M(1) UV(0.68750 0.00000 0.75000 0.00000 0.62500 0.00000)
		3 V(0 8 7) M(1) UV(0.81250 0.00000 0.87500 0.00000 0.75000 0.00000)
		3 V(0 1 8) M(1) UV(0.93750 0.00000 1.00000 0.00000 0.87500 0.00000)
		3 V(0 1 2) M(1) UV(0.06250 1.00000 0.00000 1.00000 0.12500 1.00000)
		3 V(0 2 3) M(1) UV(0.18750 1.00000 0.12500 1.00000 0.25000 1.00000)
		3 V(0 3 4) M(1) UV(0.31250 1.00000 0.25000 1.00000 0.37500 1.00000)
		3 V(0 4 5) M(1) UV(0.43750 1.00000 0.37500 1.00000 0.50000 1.00000)
		3 V(0 5 6) M(1) UV(0.56250 1.00000 0.50000 1.00000 0.62500 1.00000)
		3 V(0 6 7) M(1) UV(0.68750 1.00000 0.62500 1.00000 0.75000 1.00000)
		3 V(0 7 8) M(1) UV(0.81250 1.00000 0.75000 1.00000 0.87500 1.00000)
		3 V(0 8 1) M(1) UV(0.93750 1.00000 0.87500 1.00000 1.00000 1.00000)
		3 V(9 10 11) M(1) UV(0.06250 0.00000 0.00000 0.00000 0.12500 0.00000)
		3 V(9 11 12) M(1) UV(0.18750 0.00000 0.12500 0.00000 0.25000 0.00000)
		3 V(9 12 13) M(1) UV(0.31250 0.00000 0.25000 0.00000 0.37500 0.00000)
		3 V(9 13 14) M(1) UV(0.43750 0.00000 0.37500 0.00000 0.50000 0.00000)
		3 V(9 14 15) M(1) UV(0.56250 0.00000 0.50000 0.00000 0.62500 0.00000)
		3 V(9 15 16) M(1) UV(0.68750 0.00000 0.62500 0.00000 0.75000 0.00000)
		3 V(9 16 17) M(1) UV(0.81250 0.00000 0.75000 0.00000 0.87500 0.00000)
		3 V(9 17 10) M(1) UV(0.93750 0.00000 0.87500 0.00000 1.00000 0.00000)
		3 V(9 11 10) M(1) UV(0.06250 1.00000 0.12500 1.00000 0.00000 1.00000)
		3 V(9 12 11) M(1) UV(0.18750 1.00000 0.25000 1.00000 0.12500 1.00000)
		3 V(9 13 12) M(1) UV(0.31250 1.00000 0.37500 1.00000 0.25000 1.00000)
		3 V(9 14 13) M(1) UV(0.43750 1.00000 0.50000 1.00000 0.37500 1.00000)
		3 V(9 15 14) M(1) UV(0.56250 1.00000 0.62500 1.00000 0.50000 1.00000)
		3 V(9 16 15) M(1) UV(0.68750 1.00000 0.75000 1.00000 0.62500 1.00000)
		3 V(9 17 16) M(1) UV(0.81250 1.00000 0.87500 1.00000 0.75000 1.00000)
		3 V(9 10 17) M(1) UV(0.93750 1.00000 1.00000 1.00000 0.87500 1.00000)
	}
}
Object "horn" {
	visible 0
	locking 0
	shading 1
	facet 59.5
	color 0.898 0.498 0.698
	color_type 0
	vertex 92 {
		87.8738 297.3495 20.7090
		52.7318 275.5380 20.5758
		126.3298 280.4534 22.7139
		102.6148 261.8118 20.5758
		128.2095 279.5792 -20.7090
		102.6148 261.8118 -20.5758
		89.7535 296.4754 -22.7138
		52.7318 275.5380 -20.5758
		75.7351 302.6594 -1.5349
		140.3353 274.2758 1.8330
		17.8618 302.8441 0.1413
		115.9293 259.3988 0.1413
		111.6820 286.8321 -29.4560
		109.1211 288.0229 29.7021
		74.7202 271.5530 -28.0319
		74.7202 271.5530 28.0319
		74.7202 271.5530 0.1413
		100.4915 310.6991 23.8968
		143.6845 297.9883 23.8968
		143.6845 297.9883 -23.8967
		100.4915 310.6991 -23.8967
		85.8091 315.0198 0.1641
		158.3668 293.6677 0.1641
		124.7387 303.5636 -32.5562
		124.7387 303.5636 32.5563
		106.3074 331.3009 22.2313
		143.7940 330.5391 20.7370
		142.0557 329.3226 -22.2515
		104.5690 330.0844 -20.7573
		92.7015 330.9558 1.3925
		155.6736 329.6760 -1.1176
		125.2980 329.4362 -29.3850
		127.6662 331.0937 29.1814
		102.1840 353.9649 15.0621
		126.6980 361.5786 12.3301
		123.9836 359.7590 -17.0981
		99.4697 352.1453 -14.3663
		92.5032 350.4733 1.3775
		133.6830 363.2631 -3.2116
		112.7393 356.0896 -21.2318
		116.4371 358.5687 18.8604
		88.4609 385.6331 5.2326
		87.1308 384.7412 -9.1891
		79.8516 382.7210 -1.0562
		94.6644 387.3217 -2.7070
		74.1719 393.4667 -1.9419
		-87.8738 297.3495 20.7090
		-52.7318 275.5380 20.5758
		-126.3298 280.4534 22.7139
		-102.6148 261.8118 20.5758
		-128.2095 279.5792 -20.7090
		-102.6148 261.8118 -20.5758
		-89.7535 296.4754 -22.7138
		-52.7318 275.5380 -20.5758
		-75.7351 302.6594 -1.5349
		-140.3353 274.2758 1.8330
		-17.8618 302.8441 0.1413
		-115.9293 259.3988 0.1413
		-111.6820 286.8321 -29.4560
		-109.1211 288.0229 29.7021
		-74.7202 271.5530 -28.0319
		-74.7202 271.5530 28.0319
		-74.7202 271.5530 0.1413
		-100.4915 310.6991 23.8968
		-143.6845 297.9883 23.8968
		-143.6845 297.9883 -23.8967
		-100.4915 310.6991 -23.8967
		-85.8091 315.0198 0.1641
		-158.3668 293.6677 0.1641
		-124.7387 303.5636 -32.5562
		-124.7387 303.5636 32.5563
		-106.3074 331.3009 22.2313
		-143.7940 330.5391 20.7370
		-142.0557 329.3226 -22.2515
		-104.5690 330.0844 -20.7573
		-92.7015 330.9558 1.3925
		-155.6736 329.6760 -1.1176
		-125.2980 329.4362 -29.3850
		-127.6662 331.0937 29.1814
		-102.1840 353.9649 15.0621
		-126.6980 361.5786 12.3301
		-123.9836 359.7590 -17.0981
		-99.4697 352.1453 -14.3663
		-92.5032 350.4733 1.3775
		-133.6830 363.2631 -3.2116
		-112.7393 356.0896 -21.2318
		-116.4371 358.5687 18.8604
		-88.4609 385.6331 5.2326
		-87.1308 384.7412 -9.1891
		-79.8516 382.7210 -1.0562
		-94.6644 387.3217 -2.7070
		-74.1719 393.4667 -1.9419
	}
	face 96 {
		4 V(8 0 1 10) M(2) UV(0.50252 0.00000 1.00000 0.00000 1.00000 1.00000 0.50252 1.00000)
		4 V(8 10 7 6) M(2) UV(0.50252 0.00000 0.50252 1.00000 0.00000 1.00000 0.00000 0.00000)
		4 V(9 4 5 11) M(2) UV(0.49748 0.00000 1.00000 0.00000 1.00000 1.00000 0.49748 1.00000)
		4 V(9 11 3 2) M(2) UV(0.49748 0.00000 0.49748 1.00000 0.00000 1.00000 0.00000 0.00000)
		4 V(12 6 7 14) M(2) UV(0.46347 0.00000 1.00000 0.00000 1.00000 1.00000 0.46347 1.00000)
		4 V(12 14 5 4) M(2) UV(0.46347 0.00000 0.46347 1.00000 0.00000 1.00000 0.00000 0.00000)
		4 V(13 2 3 15) M(2) UV(0.53653 0.00000 1.00000 0.00000 1.00000 1.00000 0.53653 1.00000)
		4 V(13 15 1 0) M(2) UV(0.53653 0.00000 0.53653 1.00000 0.00000 1.00000 0.00000 0.00000)
		4 V(14 7 10 16) M(2) UV(0.53653 1.00000 0.00000 1.00000 0.00000 0.49748 0.53653 0.49748)
		4 V(14 16 11 5) M(2) UV(0.53653 1.00000 0.53653 0.49748 1.00000 0.49748 1.00000 1.00000)
		4 V(15 3 11 16) M(2) UV(0.53653 0.00000 1.00000 0.00000 1.00000 0.49748 0.53653 0.49748)
		4 V(15 16 10 1) M(2) UV(0.53653 0.00000 0.53653 0.49748 0.00000 0.49748 0.00000 0.00000)
		4 V(20 21 8 6) M(2) UV(0.00000 0.00000 0.00000 0.50252 0.00000 0.50252 0.00000 0.00000)
		4 V(23 20 6 12) M(2) UV(0.53653 0.00000 0.00000 0.00000 0.00000 0.00000 0.53653 0.00000)
		4 V(19 23 12 4) M(2) UV(1.00000 0.00000 0.53653 0.00000 0.53653 0.00000 1.00000 0.00000)
		4 V(22 19 4 9) M(2) UV(1.00000 0.50252 1.00000 0.00000 1.00000 0.00000 1.00000 0.50252)
		4 V(18 22 9 2) M(2) UV(1.00000 1.00000 1.00000 0.50252 1.00000 0.50252 1.00000 1.00000)
		4 V(24 18 2 13) M(2) UV(0.53653 1.00000 1.00000 1.00000 1.00000 1.00000 0.53653 1.00000)
		4 V(17 24 13 0) M(2) UV(0.00000 1.00000 0.53653 1.00000 0.53653 1.00000 0.00000 1.00000)
		4 V(21 17 0 8) M(2) UV(0.00000 0.50252 0.00000 1.00000 0.00000 1.00000 0.00000 0.50252)
		4 V(28 29 21 20) M(2) UV(0.00000 0.00000 0.00000 0.50252 0.00000 0.50252 0.00000 0.00000)
		4 V(31 28 20 23) M(2) UV(0.53653 0.00000 0.00000 0.00000 0.00000 0.00000 0.53653 0.00000)
		4 V(27 31 23 19) M(2) UV(1.00000 0.00000 0.53653 0.00000 0.53653 0.00000 1.00000 0.00000)
		4 V(30 27 19 22) M(2) UV(1.00000 0.50252 1.00000 0.00000 1.00000 0.00000 1.00000 0.50252)
		4 V(26 30 22 18) M(2) UV(1.00000 1.00000 1.00000 0.50252 1.00000 0.50252 1.00000 1.00000)
		4 V(32 26 18 24) M(2) UV(0.53653 1.00000 1.00000 1.00000 1.00000 1.00000 0.53653 1.00000)
		4 V(25 32 24 17) M(2) UV(0.00000 1.00000 0.53653 1.00000 0.53653 1.00000 0.00000 1.00000)
		4 V(29 25 17 21) M(2) UV(0.00000 0.50252 0.00000 1.00000 0.00000 1.00000 0.00000 0.50252)
		4 V(36 37 29 28) M(2) UV(0.00000 0.00000 0.00000 0.50252 0.00000 0.50252 0.00000 0.00000)
		4 V(39 36 28 31) M(2) UV(0.53653 0.00000 0.00000 0.00000 0.00000 0.00000 0.53653 0.00000)
		4 V(35 39 31 27) M(2) UV(1.00000 0.00000 0.53653 0.00000 0.53653 0.00000 1.00000 0.00000)
		4 V(38 35 27 30) M(2) UV(1.00000 0.50252 1.00000 0.00000 1.00000 0.00000 1.00000 0.50252)
		4 V(34 38 30 26) M(2) UV(1.00000 1.00000 1.00000 0.50252 1.00000 0.50252 1.00000 1.00000)
		4 V(40 34 26 32) M(2) UV(0.53653 1.00000 1.00000 1.00000 1.00000 1.00000 0.53653 1.00000)
		4 V(33 40 32 25) M(2) UV(0.00000 1.00000 0.53653 1.00000 0.53653 1.00000 0.00000 1.00000)
		4 V(37 33 25 29) M(2) UV(0.00000 0.50252 0.00000 1.00000 0.00000 1.00000 0.00000 0.50252)
		4 V(42 43 37 36) M(2) UV(0.00000 0.00000 0.00000 0.50252 0.00000 0.50252 0.00000 0.00000)
		4 V(44 42 35 38) M(2) UV(1.00000 0.50252 1.00000 0.00000 1.00000 0.00000 1.00000 0.50252)
		4 V(41 44 38 34) M(2) UV(1.00000 1.00000 1.00000 0.50252 1.00000 0.50252 1.00000 1.00000)
		4 V(43 41 33 37) M(2) UV(0.00000 0.50252 0.00000 1.00000 0.00000 1.00000 0.00000 0.50252)
		3 V(41 40 33) M(2) UV(0.26827 1.00000 0.53653 1.00000 0.00000 1.00000)
		3 V(41 43 45) M(2) UV(0.26827 1.00000 0.00000 0.50252 0.53653 0.50252)
		3 V(41 34 40) M(2) UV(0.76827 1.00000 1.00000 1.00000 0.53653 1.00000)
		3 V(41 45 44) M(2) UV(0.76827 1.00000 0.53653 0.50252 1.00000 0.50252)
		3 V(42 39 35) M(2) UV(0.76827 0.00000 0.53653 0.00000 1.00000 0.00000)
		3 V(42 44 45) M(2) UV(0.76827 0.00000 1.00000 0.50252 0.53653 0.50252)
		3 V(42 36 39) M(2) UV(0.26827 0.00000 0.00000 0.00000 0.53653 0.00000)
		3 V(42 45 43) M(2) UV(0.26827 0.00000 0.53653 0.50252 0.00000 0.50252)
		4 V(54 56 47 46) M(2) UV(0.50252 0.00000 0.50252 1.00000 1.00000 1.00000 1.00000 0.00000)
		4 V(54 52 53 56) M(2) UV(0.50252 0.00000 0.00000 0.00000 0.00000 1.00000 0.50252 1.00000)
		4 V(55 57 51 50) M(2) UV(0.49748 0.00000 0.49748 1.00000 1.00000 1.00000 1.00000 0.00000)
		4 V(55 48 49 57) M(2) UV(0.49748 0.00000 0.00000 0.00000 0.00000 1.00000 0.49748 1.00000)
		4 V(58 60 53 52) M(2) UV(0.46347 0.00000 0.46347 1.00000 1.00000 1.00000 1.00000 0.00000)
		4 V(58 50 51 60) M(2) UV(0.46347 0.00000 0.00000 0.00000 0.00000 1.00000 0.46347 1.00000)
		4 V(59 61 49 48) M(2) UV(0.53653 0.00000 0.53653 1.00000 1.00000 1.00000 1.00000 0.00000)
		4 V(59 46 47 61) M(2) UV(0.53653 0.00000 0.00000 0.00000 0.00000 1.00000 0.53653 1.00000)
		4 V(60 62 56 53) M(2) UV(0.53653 1.00000 0.53653 0.49748 0.00000 0.49748 0.00000 1.00000)
		4 V(60 51 57 62) M(2) UV(0.53653 1.00000 1.00000 1.00000 1.00000 0.49748 0.53653 0.49748)
		4 V(61 62 57 49) M(2) UV(0.53653 0.00000 0.53653 0.49748 1.00000 0.49748 1.00000 0.00000)
		4 V(61 47 56 62) M(2) UV(0.53653 0.00000 0.00000 0.00000 0.00000 0.49748 0.53653 0.49748)
		4 V(66 52 54 67) M(2) UV(0.00000 0.00000 0.00000 0.00000 0.00000 0.50252 0.00000 0.50252)
		4 V(69 58 52 66) M(2) UV(0.53653 0.00000 0.53653 0.00000 0.00000 0.00000 0.00000 0.00000)
		4 V(65 50 58 69) M(2) UV(1.00000 0.00000 1.00000 0.00000 0.53653 0.00000 0.53653 0.00000)
		4 V(68 55 50 65) M(2) UV(1.00000 0.50252 1.00000 0.50252 1.00000 0.00000 1.00000 0.00000)
		4 V(64 48 55 68) M(2) UV(1.00000 1.00000 1.00000 1.00000 1.00000 0.50252 1.00000 0.50252)
		4 V(70 59 48 64) M(2) UV(0.53653 1.00000 0.53653 1.00000 1.00000 1.00000 1.00000 1.00000)
		4 V(63 46 59 70) M(2) UV(0.00000 1.00000 0.00000 1.00000 0.53653 1.00000 0.53653 1.00000)
		4 V(67 54 46 63) M(2) UV(0.00000 0.50252 0.00000 0.50252 0.00000 1.00000 0.00000 1.00000)
		4 V(74 66 67 75) M(2) UV(0.00000 0.00000 0.00000 0.00000 0.00000 0.50252 0.00000 0.50252)
		4 V(77 69 66 74) M(2) UV(0.53653 0.00000 0.53653 0.00000 0.00000 0.00000 0.00000 0.00000)
		4 V(73 65 69 77) M(2) UV(1.00000 0.00000 1.00000 0.00000 0.53653 0.00000 0.53653 0.00000)
		4 V(76 68 65 73) M(2) UV(1.00000 0.50252 1.00000 0.50252 1.00000 0.00000 1.00000 0.00000)
		4 V(72 64 68 76) M(2) UV(1.00000 1.00000 1.00000 1.00000 1.00000 0.50252 1.00000 0.50252)
		4 V(78 70 64 72) M(2) UV(0.53653 1.00000 0.53653 1.00000 1.00000 1.00000 1.00000 1.00000)
		4 V(71 63 70 78) M(2) UV(0.00000 1.00000 0.00000 1.00000 0.53653 1.00000 0.53653 1.00000)
		4 V(75 67 63 71) M(2) UV(0.00000 0.50252 0.00000 0.50252 0.00000 1.00000 0.00000 1.00000)
		4 V(82 74 75 83) M(2) UV(0.00000 0.00000 0.00000 0.00000 0.00000 0.50252 0.00000 0.50252)
		4 V(85 77 74 82) M(2) UV(0.53653 0.00000 0.53653 0.00000 0.00000 0.00000 0.00000 0.00000)
		4 V(81 73 77 85) M(2) UV(1.00000 0.00000 1.00000 0.00000 0.53653 0.00000 0.53653 0.00000)
		4 V(84 76 73 81) M(2) UV(1.00000 0.50252 1.00000 0.50252 1.00000 0.00000 1.00000 0.00000)
		4 V(80 72 76 84) M(2) UV(1.00000 1.00000 1.00000 1.00000 1.00000 0.50252 1.00000 0.50252)
		4 V(86 78 72 80) M(2) UV(0.53653 1.00000 0.53653 1.00000 1.00000 1.00000 1.00000 1.00000)
		4 V(79 71 78 86) M(2) UV(0.00000 1.00000 0.00000 1.00000 0.53653 1.00000 0.53653 1.00000)
		4 V(83 75 71 79) M(2) UV(0.00000 0.50252 0.00000 0.50252 0.00000 1.00000 0.00000 1.00000)
		4 V(88 82 83 89) M(2) UV(0.00000 0.00000 0.00000 0.00000 0.00000 0.50252 0.00000 0.50252)
		4 V(90 84 81 88) M(2) UV(1.00000 0.50252 1.00000 0.50252 1.00000 0.00000 1.00000 0.00000)
		4 V(87 80 84 90) M(2) UV(1.00000 1.00000 1.00000 1.00000 1.00000 0.50252 1.00000 0.50252)
		4 V(89 83 79 87) M(2) UV(0.00000 0.50252 0.00000 0.50252 0.00000 1.00000 0.00000 1.00000)
		3 V(87 79 86) M(2) UV(0.26827 1.00000 0.00000 1.00000 0.53653 1.00000)
		3 V(87 91 89) M(2) UV(0.26827 1.00000 0.53653 0.50252 0.00000 0.50252)
		3 V(87 86 80) M(2) UV(0.76827 1.00000 0.53653 1.00000 1.00000 1.00000)
		3 V(87 90 91) M(2) UV(0.76827 1.00000 1.00000 0.50252 0.53653 0.50252)
		3 V(88 81 85) M(2) UV(0.76827 0.00000 1.00000 0.00000 0.53653 0.00000)
		3 V(88 91 90) M(2) UV(0.76827 0.00000 0.53653 0.50252 1.00000 0.50252)
		3 V(88 85 82) M(2) UV(0.26827 0.00000 0.53653 0.00000 0.00000 0.00000)
		3 V(88 89 91) M(2) UV(0.26827 0.00000 0.00000 0.50252 0.53653 0.50252)
	}
}
Object "hand(left)" {
	visible 0
	locking 0
	shading 1
	facet 59.5
	color 0.898 0.498 0.698
	color_type 0
	vertex 34 {
		-4.9964 0.8061 3.0813
		4.6727 10.5118 18.2588
		14.1905 6.9127 6.6339
		13.0925 -1.7763 -6.0931
		2.0219 -10.4654 -12.4669
		-12.5362 -14.0645 -8.7538
		-22.0540 -10.4654 2.8712
		-20.9560 -1.7763 15.5982
		-9.8855 6.9127 21.9719
		15.2538 -11.3371 34.8678
		25.8670 -15.3503 21.9052
		24.6426 -25.0393 7.7136
		12.2981 -34.7283 0.6063
		-3.9354 -38.7416 4.7468
		-14.5486 -34.7283 17.7095
		-13.3242 -25.0393 31.9012
		-0.9797 -15.3503 39.0084
		23.8546 -36.0143 48.3684
		33.3724 -39.6133 36.7435
		32.2745 -48.3024 24.0166
		21.2039 -56.9915 17.6427
		6.6458 -60.5905 21.3559
		-2.8720 -56.9915 32.9808
		-1.7740 -48.3024 45.7079
		9.2965 -39.6133 52.0815
		27.2390 -58.2375 53.6808
		32.7341 -60.3155 46.9692
		32.1003 -65.3320 39.6213
		25.7087 -70.3486 35.9414
		17.3035 -72.4266 38.0852
		11.8084 -70.3486 44.7968
		12.4423 -65.3320 52.1448
		18.8339 -60.3155 55.8246
		24.8412 -71.5654 49.9170
	}
	face 40 {
		4 V(1 2 10 9) M(0) UV(0.00000 0.33333 0.12500 0.33333 0.12500 0.50000 0.00000 0.50000)
		4 V(2 3 11 10) M(0) UV(0.12500 0.33333 0.25000 0.33333 0.25000 0.50000 0.12500 0.50000)
		4 V(3 4 12 11) M(0) UV(0.25000 0.33333 0.37500 0.33333 0.37500 0.50000 0.25000 0.50000)
		4 V(4 5 13 12) M(0) UV(0.37500 0.33333 0.50000 0.33333 0.50000 0.50000 0.37500 0.50000)
		4 V(5 6 14 13) M(0) UV(0.50000 0.33333 0.62500 0.33333 0.62500 0.50000 0.50000 0.50000)
		4 V(6 7 15 14) M(0) UV(0.62500 0.33333 0.75000 0.33333 0.75000 0.50000 0.62500 0.50000)
		4 V(7 8 16 15) M(0) UV(0.75000 0.33333 0.87500 0.33333 0.87500 0.50000 0.75000 0.50000)
		4 V(8 1 9 16) M(0) UV(0.87500 0.33333 1.00000 0.33333 1.00000 0.50000 0.87500 0.50000)
		4 V(9 10 18 17) M(0) UV(0.00000 0.50000 0.12500 0.50000 0.12500 0.66667 0.00000 0.66667)
		4 V(10 11 19 18) M(0) UV(0.12500 0.50000 0.25000 0.50000 0.25000 0.66667 0.12500 0.66667)
		4 V(11 12 20 19) M(0) UV(0.25000 0.50000 0.37500 0.50000 0.37500 0.66667 0.25000 0.66667)
		4 V(12 13 21 20) M(0) UV(0.37500 0.50000 0.50000 0.50000 0.50000 0.66667 0.37500 0.66667)
		4 V(13 14 22 21) M(0) UV(0.50000 0.50000 0.62500 0.50000 0.62500 0.66667 0.50000 0.66667)
		4 V(14 15 23 22) M(0) UV(0.62500 0.50000 0.75000 0.50000 0.75000 0.66667 0.62500 0.66667)
		4 V(15 16 24 23) M(0) UV(0.75000 0.50000 0.87500 0.50000 0.87500 0.66667 0.75000 0.66667)
		4 V(16 9 17 24) M(0) UV(0.87500 0.50000 1.00000 0.50000 1.00000 0.66667 0.87500 0.66667)
		4 V(17 18 26 25) M(0) UV(0.00000 0.66667 0.12500 0.66667 0.12500 0.83333 0.00000 0.83333)
		4 V(18 19 27 26) M(0) UV(0.12500 0.66667 0.25000 0.66667 0.25000 0.83333 0.12500 0.83333)
		4 V(19 20 28 27) M(0) UV(0.25000 0.66667 0.37500 0.66667 0.37500 0.83333 0.25000 0.83333)
		4 V(20 21 29 28) M(0) UV(0.37500 0.66667 0.50000 0.66667 0.50000 0.83333 0.37500 0.83333)
		4 V(21 22 30 29) M(0) UV(0.50000 0.66667 0.62500 0.66667 0.62500 0.83333 0.50000 0.83333)
		4 V(22 23 31 30) M(0) UV(0.62500 0.66667 0.75000 0.66667 0.75000 0.83333 0.62500 0.83333)
		4 V(23 24 32 31) M(0) UV(0.75000 0.66667 0.87500 0.66667 0.87500 0.83333 0.75000 0.83333)
		4 V(24 17 25 32) M(0) UV(0.87500 0.66667 1.00000 0.66667 1.00000 0.83333 0.87500 0.83333)
		3 V(25 26 33) M(0) UV(0.00000 0.83333 0.12500 0.83333 0.06250 1.00000)
		3 V(26 27 33) M(0) UV(0.12500 0.83333 0.25000 0.83333 0.18750 1.00000)
		3 V(27 28 33) M(0) UV(0.25000 0.83333 0.37500 0.83333 0.31250 1.00000)
		3 V(28 29 33) M(0) UV(0.37500 0.83333 0.50000 0.83333 0.43750 1.00000)
		3 V(29 30 33) M(0) UV(0.50000 0.83333 0.62500 0.83333 0.56250 1.00000)
		3 V(30 31 33) M(0) UV(0.62500 0.83333 0.75000 0.83333 0.68750 1.00000)
		3 V(31 32 33) M(0) UV(0.75000 0.83333 0.87500 0.83333 0.81250 1.00000)
		3 V(32 25 33) M(0) UV(0.87500 0.83333 1.00000 0.83333 0.93750 1.00000)
		3 V(0 7 6) M(0) UV(0.68750 0.16667 0.75000 0.33333 0.62500 0.33333)
		3 V(0 8 7) M(0) UV(0.81250 0.16667 0.87500 0.33333 0.75000 0.33333)
		3 V(0 1 8) M(0) UV(0.93750 0.16667 1.00000 0.33333 0.87500 0.33333)
		3 V(0 2 1) M(0) UV(0.06250 0.16667 0.12500 0.33333 0.00000 0.33333)
		3 V(0 3 2) M(0) UV(0.18750 0.16667 0.25000 0.33333 0.12500 0.33333)
		3 V(0 4 3) M(0) UV(0.31250 0.16667 0.37500 0.33333 0.25000 0.33333)
		3 V(0 5 4) M(0) UV(0.43750 0.16667 0.50000 0.33333 0.37500 0.33333)
		3 V(0 6 5) M(0) UV(0.56250 0.16667 0.62500 0.33333 0.50000 0.33333)
	}
}
Object "hand(right)" {
	visible 0
	locking 0
	shading 1
	facet 59.5
	color 0.898 0.498 0.698
	color_type 0
	vertex 34 {
		4.9964 0.8061 3.0813
		-4.6727 10.5118 18.2588
		-14.1905 6.9127 6.6339
		-13.0925 -1.7762 -6.0931
		-2.0219 -10.4654 -12.4669
		12.5362 -14.0645 -8.7538
		22.0540 -10.4654 2.8712
		20.9560 -1.7762 15.5982
		9.8855 6.9127 21.9719
		-15.2538 -11.3371 34.8678
		-25.8670 -15.3503 21.9052
		-24.6426 -25.0393 7.7136
		-12.2981 -34.7283 0.6063
		3.9354 -38.7416 4.7468
		14.5486 -34.7283 17.7095
		13.3242 -25.0393 31.9012
		0.9797 -15.3503 39.0084
		-23.8546 -36.0142 48.3684
		-33.3724 -39.6133 36.7435
		-32.2745 -48.3023 24.0166
		-21.2039 -56.9914 17.6427
		-6.6458 -60.5905 21.3559
		2.8720 -56.9914 32.9808
		1.7740 -48.3023 45.7079
		-9.2965 -39.6133 52.0815
		-27.2390 -58.2375 53.6808
		-32.7341 -60.3154 46.9692
		-32.1003 -65.3320 39.6213
		-25.7087 -70.3486 35.9414
		-17.3035 -72.4266 38.0852
		-11.8084 -70.3486 44.7968
		-12.4423 -65.3320 52.1448
		-18.8339 -60.3154 55.8246
		-24.8412 -71.5654 49.9170
	}
	face 40 {
		4 V(1 9 10 2) M(0) UV(0.00000 0.33333 0.00000 0.50000 0.12500 0.50000 0.12500 0.33333)
		4 V(2 10 11 3) M(0) UV(0.12500 0.33333 0.12500 0.50000 0.25000 0.50000 0.25000 0.33333)
		4 V(3 11 12 4) M(0) UV(0.25000 0.33333 0.25000 0.50000 0.37500 0.50000 0.37500 0.33333)
		4 V(4 12 13 5) M(0) UV(0.37500 0.33333 0.37500 0.50000 0.50000 0.50000 0.50000 0.33333)
		4 V(5 13 14 6) M(0) UV(0.50000 0.33333 0.50000 0.50000 0.62500 0.50000 0.62500 0.33333)
		4 V(6 14 15 7) M(0) UV(0.62500 0.33333 0.62500 0.50000 0.75000 0.50000 0.75000 0.33333)
		4 V(7 15 16 8) M(0) UV(0.75000 0.33333 0.75000 0.50000 0.87500 0.50000 0.87500 0.33333)
		4 V(8 16 9 1) M(0) UV(0.87500 0.33333 0.87500 0.50000 1.00000 0.50000 1.00000 0.33333)
		4 V(9 17 18 10) M(0) UV(0.00000 0.50000 0.00000 0.66667 0.12500 0.66667 0.12500 0.50000)
		4 V(10 18 19 11) M(0) UV(0.12500 0.50000 0.12500 0.66667 0.25000 0.66667 0.25000 0.50000)
		4 V(11 19 20 12) M(0) UV(0.25000 0.50000 0.25000 0.66667 0.37500 0.66667 0.37500 0.50000)
		4 V(12 20 21 13) M(0) UV(0.37500 0.50000 0.37500 0.66667 0.50000 0.66667 0.50000 0.50000)
		4 V(13 21 22 14) M(0) UV(0.50000 0.50000 0.50000 0.66667 0.62500 0.66667 0.62500 0.50000)
		4 V(14 22 23 15) M(0) UV(0.62500 0.50000 0.62500 0.66667 0.75000 0.66667 0.75000 0.50000)
		4 V(15 23 24 16) M(0) UV(0.75000 0.50000 0.75000 0.66667 0.87500 0.66667 0.87500 0.50000)
		4 V(16 24 17 9) M(0) UV(0.87500 0.50000 0.87500 0.66667 1.00000 0.66667 1.00000 0.50000)
		4 V(17 25 26 18) M(0) UV(0.00000 0.66667 0.00000 0.83333 0.12500 0.83333 0.12500 0.66667)
		4 V(18 26 27 19) M(0) UV(0.12500 0.66667 0.12500 0.83333 0.25000 0.83333 0.25000 0.66667)
		4 V(19 27 28 20) M(0) UV(0.25000 0.66667 0.25000 0.83333 0.37500 0.83333 0.37500 0.66667)
		4 V(20 28 29 21) M(0) UV(0.37500 0.66667 0.37500 0.83333 0.50000 0.83333 0.50000 0.66667)
		4 V(21 29 30 22) M(0) UV(0.50000 0.66667 0.50000 0.83333 0.62500 0.83333 0.62500 0.66667)
		4 V(22 30 31 23) M(0) UV(0.62500 0.66667 0.62500 0.83333 0.75000 0.83333 0.75000 0.66667)
		4 V(23 31 32 24) M(0) UV(0.75000 0.66667 0.75000 0.83333 0.87500 0.83333 0.87500 0.66667)
		4 V(24 32 25 17) M(0) UV(0.87500 0.66667 0.87500 0.83333 1.00000 0.83333 1.00000 0.66667)
		3 V(25 33 26) M(0) UV(0.00000 0.83333 0.06250 1.00000 0.12500 0.83333)
		3 V(26 33 27) M(0) UV(0.12500 0.83333 0.18750 1.00000 0.25000 0.83333)
		3 V(27 33 28) M(0) UV(0.25000 0.83333 0.31250 1.00000 0.37500 0.83333)
		3 V(28 33 29) M(0) UV(0.37500 0.83333 0.43750 1.00000 0.50000 0.83333)
		3 V(29 33 30) M(0) UV(0.50000 0.83333 0.56250 1.00000 0.62500 0.83333)
		3 V(30 33 31) M(0) UV(0.62500 0.83333 0.68750 1.00000 0.75000 0.83333)
		3 V(31 33 32) M(0) UV(0.75000 0.83333 0.81250 1.00000 0.87500 0.83333)
		3 V(32 33 25) M(0) UV(0.87500 0.83333 0.93750 1.00000 1.00000 0.83333)
		3 V(0 6 7) M(0) UV(0.68750 0.16667 0.62500 0.33333 0.75000 0.33333)
		3 V(0 7 8) M(0) UV(0.81250 0.16667 0.75000 0.33333 0.87500 0.33333)
		3 V(0 8 1) M(0) UV(0.93750 0.16667 0.87500 0.33333 1.00000 0.33333)
		3 V(0 1 2) M(0) UV(0.06250 0.16667 0.00000 0.33333 0.12500 0.33333)
		3 V(0 2 3) M(0) UV(0.18750 0.16667 0.12500 0.33333 0.25000 0.33333)
		3 V(0 3 4) M(0) UV(0.31250 0.16667 0.25000 0.33333 0.37500 0.33333)
		3 V(0 4 5) M(0) UV(0.43750 0.16667 0.37500 0.33333 0.50000 0.33333)
		3 V(0 5 6) M(0) UV(0.56250 0.16667 0.50000 0.33333 0.62500 0.33333)
	}
}
Object "wing(left)" {
	visible 0
	locking 0
	shading 1
	facet 59.5
	color 0.898 0.498 0.698
	color_type 0
	vertex 54 {
		-10.2450 4.4712 27.1046
		-6.0952 -6.3394 4.5959
		98.4962 74.7727 26.7396
		104.5022 64.9488 4.1663
		93.5327 81.5144 -4.7595
		99.5388 71.6904 -27.3330
		-13.2050 12.1824 -4.4515
		-9.0552 1.3718 -26.9603
		75.3921 59.4761 -4.0218
		81.3981 49.6521 -26.5952
		80.3555 52.7345 27.4774
		86.3615 42.9105 4.9039
		126.7346 117.9661 24.3566
		135.1793 110.0491 1.8437
		119.8489 122.6578 -7.1628
		128.2935 114.7407 -29.6757
		179.2539 139.4493 19.7834
		180.7971 127.1827 -1.9056
		177.3744 146.3812 -12.2779
		178.9177 134.1147 -33.9669
		334.7621 152.9763 15.5224
		336.3052 140.7097 -6.1666
		332.8827 159.9081 -16.5389
		334.4257 147.6418 -38.2280
		-7.7297 3.6627 12.4022
		83.1808 49.9433 12.4022
		89.0580 -68.0571 21.2347
		83.1808 49.9433 -15.6264
		89.0580 -68.0571 -6.7938
		-7.7297 3.6627 -15.6264
		99.3066 74.0925 12.4022
		99.3066 74.0925 -15.6264
		132.9312 118.3463 12.4022
		230.5159 -89.8373 21.2347
		132.9312 118.3463 -15.6264
		230.5159 -89.8373 -6.7938
		179.8824 137.6754 12.4022
		179.8824 137.6754 -15.6264
		335.7599 149.4462 12.4022
		377.2904 -83.3893 21.2347
		335.7599 149.4462 -15.6264
		377.2904 -83.3893 -6.7938
		3.6633 -26.0173 -2.9438
		96.5721 15.0579 -2.9438
		3.6633 -26.0173 -30.9723
		158.2433 -15.7037 -2.9438
		96.5721 15.0579 -30.9723
		181.2518 66.8284 -2.9438
		158.2433 -15.7037 -30.9723
		281.0508 15.7643 -2.9438
		181.2518 66.8284 -30.9723
		408.9862 38.0039 -2.9438
		281.0508 15.7643 -30.9723
		408.9862 38.0039 -30.9723
	}
	face 55 {
		4 V(6 0 1 7) M(3) UV(0.00000 0.00000 1.00000 0.00000 1.00000 1.00000 0.00000 1.00000)
		4 V(8 6 7 9) M(3) UV(0.19505 0.00000 1.00000 0.00000 1.00000 1.00000 0.19505 1.00000)
		4 V(8 9 5 4) M(3) UV(0.19505 0.00000 0.19505 1.00000 0.00000 1.00000 0.00000 0.00000)
		4 V(8 4 2 10) M(3) UV(0.80495 0.00000 1.00000 0.00000 1.00000 1.00000 0.80495 1.00000)
		4 V(8 10 0 6) M(3) UV(0.80495 0.00000 0.80495 1.00000 0.00000 1.00000 0.00000 0.00000)
		4 V(9 7 1 11) M(3) UV(0.80495 1.00000 0.00000 1.00000 0.00000 0.00000 0.80495 0.00000)
		4 V(9 11 3 5) M(3) UV(0.80495 1.00000 0.80495 0.00000 1.00000 0.00000 1.00000 1.00000)
		4 V(10 2 3 11) M(3) UV(0.80495 0.00000 1.00000 0.00000 1.00000 1.00000 0.80495 1.00000)
		4 V(10 11 1 0) M(3) UV(0.80495 0.00000 0.80495 1.00000 0.00000 1.00000 0.00000 0.00000)
		4 V(14 12 2 4) M(3) UV(1.00000 0.00000 0.00000 0.00000 0.00000 0.00000 1.00000 0.00000)
		4 V(15 14 4 5) M(3) UV(1.00000 1.00000 1.00000 0.00000 1.00000 0.00000 1.00000 1.00000)
		4 V(13 15 5 3) M(3) UV(0.00000 1.00000 1.00000 1.00000 1.00000 1.00000 0.00000 1.00000)
		4 V(12 13 3 2) M(3) UV(0.00000 0.00000 0.00000 1.00000 0.00000 1.00000 0.00000 0.00000)
		4 V(18 16 12 14) M(3) UV(1.00000 0.00000 0.00000 0.00000 0.00000 0.00000 1.00000 0.00000)
		4 V(19 18 14 15) M(3) UV(1.00000 1.00000 1.00000 0.00000 1.00000 0.00000 1.00000 1.00000)
		4 V(17 19 15 13) M(3) UV(0.00000 1.00000 1.00000 1.00000 1.00000 1.00000 0.00000 1.00000)
		4 V(16 17 13 12) M(3) UV(0.00000 0.00000 0.00000 1.00000 0.00000 1.00000 0.00000 0.00000)
		4 V(22 20 16 18) M(3) UV(1.00000 0.00000 0.00000 0.00000 0.00000 0.00000 1.00000 0.00000)
		4 V(23 22 18 19) M(3) UV(1.00000 1.00000 1.00000 0.00000 1.00000 0.00000 1.00000 1.00000)
		4 V(21 23 19 17) M(3) UV(0.00000 1.00000 1.00000 1.00000 1.00000 1.00000 0.00000 1.00000)
		4 V(20 21 17 16) M(3) UV(0.00000 0.00000 0.00000 1.00000 0.00000 1.00000 0.00000 0.00000)
		4 V(20 22 23 21) M(3) UV(0.00000 0.00000 1.00000 0.00000 1.00000 1.00000 0.00000 1.00000)
		4 V(29 27 25 24) M(0) UV(0.00000 0.00000 1.00000 0.00000 1.00000 1.00000 0.00000 1.00000)
		4 V(42 26 28 44) M(0) UV(0.00000 0.00000 1.00000 0.00000 1.00000 1.00000 0.00000 1.00000)
		4 V(31 30 25 27) M(0) UV(1.00000 0.00000 0.00000 0.00000 0.00000 0.00000 1.00000 0.00000)
		4 V(45 48 28 26) M(0) UV(0.00000 1.00000 1.00000 1.00000 1.00000 1.00000 0.00000 1.00000)
		4 V(34 32 30 31) M(0) UV(1.00000 0.00000 0.00000 0.00000 0.00000 0.00000 1.00000 0.00000)
		4 V(33 35 48 45) M(0) UV(0.00000 1.00000 1.00000 1.00000 1.00000 1.00000 0.00000 1.00000)
		4 V(37 36 32 34) M(0) UV(1.00000 0.00000 0.00000 0.00000 0.00000 0.00000 1.00000 0.00000)
		4 V(49 52 35 33) M(0) UV(0.00000 1.00000 1.00000 1.00000 1.00000 1.00000 0.00000 1.00000)
		4 V(40 38 36 37) M(0) UV(1.00000 0.00000 0.00000 0.00000 0.00000 0.00000 1.00000 0.00000)
		4 V(39 41 52 49) M(0) UV(0.00000 1.00000 1.00000 1.00000 1.00000 1.00000 0.00000 1.00000)
		4 V(42 24 25 43) M(0) UV(0.00000 0.49729 0.00000 0.00000 1.00000 0.00000 1.00000 0.49729)
		4 V(42 44 29 24) M(0) UV(1.00000 0.49729 0.00000 0.49729 0.00000 0.00000 1.00000 0.00000)
		4 V(43 25 30 45) M(0) UV(0.00000 0.49729 0.00000 0.00000 0.00000 0.00000 0.00000 0.49729)
		4 V(44 46 27 29) M(0) UV(1.00000 0.49729 0.00000 0.49729 0.00000 0.00000 1.00000 0.00000)
		4 V(45 30 32 47) M(0) UV(0.00000 0.49729 0.00000 0.00000 0.00000 0.00000 0.00000 0.49729)
		4 V(46 48 31 27) M(0) UV(1.00000 0.49729 1.00000 0.49729 1.00000 0.00000 1.00000 0.00000)
		4 V(47 32 36 49) M(0) UV(0.00000 0.49729 0.00000 0.00000 0.00000 0.00000 0.00000 0.49729)
		4 V(48 50 34 31) M(0) UV(1.00000 0.49729 1.00000 0.49729 1.00000 0.00000 1.00000 0.00000)
		4 V(49 36 38 51) M(0) UV(0.00000 0.49729 0.00000 0.00000 0.00000 0.00000 0.00000 0.49729)
		4 V(50 52 37 34) M(0) UV(1.00000 0.49729 1.00000 0.49729 1.00000 0.00000 1.00000 0.00000)
		4 V(51 38 40 53) M(0) UV(0.00000 0.49729 0.00000 0.00000 1.00000 0.00000 1.00000 0.49729)
		4 V(51 53 41 39) M(0) UV(0.00000 0.49729 1.00000 0.49729 1.00000 1.00000 0.00000 1.00000)
		4 V(52 53 40 37) M(0) UV(1.00000 0.49729 1.00000 0.49729 1.00000 0.00000 1.00000 0.00000)
		3 V(49 33 47) M(0) UV(0.00000 0.74864 0.00000 1.00000 0.00000 0.49729)
		3 V(49 51 39) M(0) UV(0.00000 0.74864 0.00000 0.49729 0.00000 1.00000)
		3 V(52 50 35) M(0) UV(1.00000 0.74864 1.00000 0.49729 1.00000 1.00000)
		3 V(52 41 53) M(0) UV(1.00000 0.74864 1.00000 1.00000 1.00000 0.49729)
		3 V(48 46 28) M(0) UV(1.00000 0.74864 1.00000 0.49729 1.00000 1.00000)
		3 V(48 35 50) M(0) UV(1.00000 0.74864 1.00000 1.00000 1.00000 0.49729)
		3 V(45 26 43) M(0) UV(0.00000 0.74864 0.00000 1.00000 0.00000 0.49729)
		3 V(45 47 33) M(0) UV(0.00000 0.74864 0.00000 0.49729 0.00000 1.00000)
		3 V(42 43 26) M(0) UV(0.00000 0.74864 1.00000 0.49729 1.00000 1.00000)
		3 V(44 28 46) M(0) UV(1.00000 0.74864 0.00000 1.00000 0.00000 0.49729)
	}
}
Object "wing(right)" {
	visible 15
	locking 0
	shading 1
	facet 59.5
	color 0.898 0.498 0.698
	color_type 0
	vertex 54 {
		10.2450 4.4712 27.1046
		6.0952 -6.3395 4.5959
		-98.4962 74.7726 26.7396
		-104.5022 64.9487 4.1663
		-93.5327 81.5144 -4.7595
		-99.5388 71.6903 -27.3329
		13.2050 12.1824 -4.4514
		9.0552 1.3717 -26.9602
		-75.3921 59.4761 -4.0218
		-81.3981 49.6520 -26.5952
		-80.3555 52.7345 27.4774
		-86.3615 42.9104 4.9039
		-126.7346 117.9661 24.3567
		-135.1793 110.0491 1.8438
		-119.8489 122.6577 -7.1627
		-128.2935 114.7406 -29.6757
		-179.2539 139.4492 19.7835
		-180.7971 127.1826 -1.9055
		-177.3744 146.3812 -12.2778
		-178.9177 134.1146 -33.9669
		-334.7621 152.9762 15.5224
		-336.3052 140.7097 -6.1666
		-332.8827 159.9081 -16.5389
		-334.4257 147.6418 -38.2279
		7.7297 3.6626 12.4022
		-83.1808 49.9433 12.4022
		-89.0580 -68.0572 21.2348
		-83.1808 49.9433 -15.6263
		-89.0580 -68.0572 -6.7938
		7.7297 3.6626 -15.6263
		-99.3066 74.0925 12.4022
		-99.3066 74.0925 -15.6263
		-132.9312 118.3463 12.4022
		-230.5159 -89.8373 21.2348
		-132.9312 118.3463 -15.6263
		-230.5159 -89.8373 -6.7938
		-179.8824 137.6753 12.4022
		-179.8824 137.6753 -15.6263
		-335.7599 149.4462 12.4022
		-377.2904 -83.3894 21.2348
		-335.7599 149.4462 -15.6263
		-377.2904 -83.3894 -6.7938
		-3.6633 -26.0173 -2.9437
		-96.5721 15.0579 -2.9437
		-3.6633 -26.0173 -30.9723
		-158.2433 -15.7038 -2.9437
		-96.5721 15.0579 -30.9723
		-181.2518 66.8284 -2.9437
		-158.2433 -15.7038 -30.9723
		-281.0508 15.7642 -2.9437
		-181.2518 66.8284 -30.9723
		-408.9862 38.0038 -2.9437
		-281.0508 15.7642 -30.9723
		-408.9862 38.0038 -30.9723
	}
	face 55 {
		4 V(6 7 1 0) M(3) UV(0.00000 0.00000 0.00000 1.00000 1.00000 1.00000 1.00000 0.00000)
		4 V(8 9 7 6) M(3) UV(0.19505 0.00000 0.19505 1.00000 1.00000 1.00000 1.00000 0.00000)
		4 V(8 4 5 9) M(3) UV(0.19505 0.00000 0.00000 0.00000 0.00000 1.00000 0.19505 1.00000)
		4 V(8 10 2 4) M(3) UV(0.80495 0.00000 0.80495 1.00000 1.00000 1.00000 1.00000 0.00000)
		4 V(8 6 0 10) M(3) UV(0.80495 0.00000 0.00000 0.00000 0.00000 1.00000 0.80495 1.00000)
		4 V(9 11 1 7) M(3) UV(0.80495 1.00000 0.80495 0.00000 0.00000 0.00000 0.00000 1.00000)
		4 V(9 5 3 11) M(3) UV(0.80495 1.00000 1.00000 1.00000 1.00000 0.00000 0.80495 0.00000)
		4 V(10 11 3 2) M(3) UV(0.80495 0.00000 0.80495 1.00000 1.00000 1.00000 1.00000 0.00000)
		4 V(10 0 1 11) M(3) UV(0.80495 0.00000 0.00000 0.00000 0.00000 1.00000 0.80495 1.00000)
		4 V(14 4 2 12) M(3) UV(1.00000 0.00000 1.00000 0.00000 0.00000 0.00000 0.00000 0.00000)
		4 V(15 5 4 14) M(3) UV(1.00000 1.00000 1.00000 1.00000 1.00000 0.00000 1.00000 0.00000)
		4 V(13 3 5 15) M(3) UV(0.00000 1.00000 0.00000 1.00000 1.00000 1.00000 1.00000 1.00000)
		4 V(12 2 3 13) M(3) UV(0.00000 0.00000 0.00000 0.00000 0.00000 1.00000 0.00000 1.00000)
		4 V(18 14 12 16) M(3) UV(1.00000 0.00000 1.00000 0.00000 0.00000 0.00000 0.00000 0.00000)
		4 V(19 15 14 18) M(3) UV(1.00000 1.00000 1.00000 1.00000 1.00000 0.00000 1.00000 0.00000)
		4 V(17 13 15 19) M(3) UV(0.00000 1.00000 0.00000 1.00000 1.00000 1.00000 1.00000 1.00000)
		4 V(16 12 13 17) M(3) UV(0.00000 0.00000 0.00000 0.00000 0.00000 1.00000 0.00000 1.00000)
		4 V(22 18 16 20) M(3) UV(1.00000 0.00000 1.00000 0.00000 0.00000 0.00000 0.00000 0.00000)
		4 V(23 19 18 22) M(3) UV(1.00000 1.00000 1.00000 1.00000 1.00000 0.00000 1.00000 0.00000)
		4 V(21 17 19 23) M(3) UV(0.00000 1.00000 0.00000 1.00000 1.00000 1.00000 1.00000 1.00000)
		4 V(20 16 17 21) M(3) UV(0.00000 0.00000 0.00000 0.00000 0.00000 1.00000 0.00000 1.00000)
		4 V(20 21 23 22) M(3) UV(0.00000 0.00000 0.00000 1.00000 1.00000 1.00000 1.00000 0.00000)
		4 V(29 24 25 27) M(0) UV(0.00000 0.00000 0.00000 1.00000 1.00000 1.00000 1.00000 0.00000)
		4 V(42 44 28 26) M(0) UV(0.00000 0.00000 0.00000 1.00000 1.00000 1.00000 1.00000 0.00000)
		4 V(31 27 25 30) M(0) UV(1.00000 0.00000 1.00000 0.00000 0.00000 0.00000 0.00000 0.00000)
		4 V(45 26 28 48) M(0) UV(0.00000 1.00000 0.00000 1.00000 1.00000 1.00000 1.00000 1.00000)
		4 V(34 31 30 32) M(0) UV(1.00000 0.00000 1.00000 0.00000 0.00000 0.00000 0.00000 0.00000)
		4 V(33 45 48 35) M(0) UV(0.00000 1.00000 0.00000 1.00000 1.00000 1.00000 1.00000 1.00000)
		4 V(37 34 32 36) M(0) UV(1.00000 0.00000 1.00000 0.00000 0.00000 0.00000 0.00000 0.00000)
		4 V(49 33 35 52) M(0) UV(0.00000 1.00000 0.00000 1.00000 1.00000 1.00000 1.00000 1.00000)
		4 V(40 37 36 38) M(0) UV(1.00000 0.00000 1.00000 0.00000 0.00000 0.00000 0.00000 0.00000)
		4 V(39 49 52 41) M(0) UV(0.00000 1.00000 0.00000 1.00000 1.00000 1.00000 1.00000 1.00000)
		4 V(42 43 25 24) M(0) UV(0.00000 0.49729 1.00000 0.49729 1.00000 0.00000 0.00000 0.00000)
		4 V(42 24 29 44) M(0) UV(1.00000 0.49729 1.00000 0.00000 0.00000 0.00000 0.00000 0.49729)
		4 V(43 45 30 25) M(0) UV(0.00000 0.49729 0.00000 0.49729 0.00000 0.00000 0.00000 0.00000)
		4 V(44 29 27 46) M(0) UV(1.00000 0.49729 1.00000 0.00000 0.00000 0.00000 0.00000 0.49729)
		4 V(45 47 32 30) M(0) UV(0.00000 0.49729 0.00000 0.49729 0.00000 0.00000 0.00000 0.00000)
		4 V(46 27 31 48) M(0) UV(1.00000 0.49729 1.00000 0.00000 1.00000 0.00000 1.00000 0.49729)
		4 V(47 49 36 32) M(0) UV(0.00000 0.49729 0.00000 0.49729 0.00000 0.00000 0.00000 0.00000)
		4 V(48 31 34 50) M(0) UV(1.00000 0.49729 1.00000 0.00000 1.00000 0.00000 1.00000 0.49729)
		4 V(49 51 38 36) M(0) UV(0.00000 0.49729 0.00000 0.49729 0.00000 0.00000 0.00000 0.00000)
		4 V(50 34 37 52) M(0) UV(1.00000 0.49729 1.00000 0.00000 1.00000 0.00000 1.00000 0.49729)
		4 V(51 53 40 38) M(0) UV(0.00000 0.49729 1.00000 0.49729 1.00000 0.00000 0.00000 0.00000)
		4 V(51 39 41 53) M(0) UV(0.00000 0.49729 0.00000 1.00000 1.00000 1.00000 1.00000 0.49729)
		4 V(52 37 40 53) M(0) UV(1.00000 0.49729 1.00000 0.00000 1.00000 0.00000 1.00000 0.49729)
		3 V(49 47 33) M(0) UV(0.00000 0.74864 0.00000 0.49729 0.00000 1.00000)
		3 V(49 39 51) M(0) UV(0.00000 0.74864 0.00000 1.00000 0.00000 0.49729)
		3 V(52 35 50) M(0) UV(1.00000 0.74864 1.00000 1.00000 1.00000 0.49729)
		3 V(52 53 41) M(0) UV(1.00000 0.74864 1.00000 0.49729 1.00000 1.00000)
		3 V(48 28 46) M(0) UV(1.00000 0.74864 1.00000 1.00000 1.00000 0.49729)
		3 V(48 50 35) M(0) UV(1.00000 0.74864 1.00000 0.49729 1.00000 1.00000)
		3 V(45 43 26) M(0) UV(0.00000 0.74864 0.00000 0.49729 0.00000 1.00000)
		3 V(45 33 47) M(0) UV(0.00000 0.74864 0.00000 1.00000 0.00000 0.49729)
		3 V(42 26 43) M(0) UV(0.00000 0.74864 1.00000 1.00000 1.00000 0.49729)
		3 V(44 46 28) M(0) UV(1.00000 0.74864 0.00000 0.49729 0.00000 1.00000)
	}
}
Eof
